crossCov_mean: 357.90921000000003
crossCov_std: 34.62332233431535
