crossCov_mean: 50.12857899999998
crossCov_std: 10.269939822290052
